8 12 1000000000000000 13
2 0 4451698272827 120985696255786
6 5 78520421713825 342652131468508
2 1 185377268405175 382583457603811
0 4 54350742205838 133614919589507
7 0 68486247989149 651590905094148
0 6 85177550834829 299184420663240
5 2 442329739732459 926608308293721
3 7 78020232822359 913548478810253
1 3 267796317244889 687571310475622
5 4 90590208828121 910324397566584
5 7 8414633059584 17796117322043
4 6 45682367792138 204548471584556
7 2 44779065000162
3 5 79376234836942
4 7 305556687070759
4 3 927935834343174
5 1 663284649258985
2 5 967584209777344
5 2 963749709374595
7 4 484562389171308
1 5 446160773830045
6 4 801452311055604
3 1 744524289545354
0 6 467418420721777
5 6 371181379240653
