hasstuff:0 457293464:
36
456837156 6 457315248
456837156 6 457315248
456837156 6 457315248
456837156 6 457315248
456837156 6 457315248
456837156 6 457315248
456837156 6 457315248
456837156 6 457315248
456837156 6 457315248
456837156 6 457315248
456837156 6 457315248
456837156 6 457315248
456837156 6 457315248
456837156 6 457315248
456837156 6 457315248
456837156 6 457315248
456837156 6 457315248
456837156 6 457315248
456837156 6 457315248
456837156 6 457315248
456837156 6 457315248
456837156 6 457315248
456837156 6 457315248
456837156 6 457315248
456837156 6 457315248
456837156 6 457315248
456837156 6 457315248
456837156 6 457315248
456837156 6 457315248
456837156 6 457315248
456837156 6 457315248
456837156 6 457315248
456837156 6 457315248
456837156 6 457315248
456837156 6 457315248
456837156 6 457315248



hasstuff:0 -1535890048:
36
-1525132576 -1539195240 -1539173360
-1525132576 -1539195240 -1539173360
-1525132576 -1539195240 -1539173360
-1525132576 -1539195240 -1539173360
-1525132576 -1539195240 -1539173360
-1525132576 -1539195240 -1539173360
-1525132576 -1539195240 -1539173360
-1525132576 -1539195240 -1539173360
-1525132576 -1539195240 -1539173360
-1525132576 -1539195240 -1539173360
-1525132576 -1539195240 -1539173360
-1525132576 -1539195240 -1539173360
-1525132576 -1539195240 -1539173360
-1525132576 -1539195240 -1539173360
-1525132576 -1539195240 -1539173360
-1525132576 -1539195240 -1539173360
-1525132576 -1539195240 -1539173360
-1525132576 -1539195240 -1539173360
-1525132576 -1539195240 -1539173360
-1525132576 -1539195240 -1539173360
-1525132576 -1539195240 -1539173360
-1525132576 -1539195240 -1539173360
-1525132576 -1539195240 -1539173360
-1525132576 -1539195240 -1539173360
-1525132576 -1539195240 -1539173360
-1525132576 -1539195240 -1539173360
-1525132576 -1539195240 -1539173360
-1525132576 -1539195240 -1539173360
-1525132576 -1539195240 -1539173360
-1525132576 -1539195240 -1539173360
-1525132576 -1539195240 -1539173360
-1525132576 -1539195240 -1539173360
-1525132576 -1539195240 -1539173360
-1525132576 -1539195240 -1539173360
-1525132576 -1539195240 -1539173360
-1525132576 -1539195240 -1539173360



hasstuff:0 768:
36
264355480 264377360 263899172
264355480 264377360 263899172
264355480 264377360 263899172
264355480 264377360 263899172
264355480 264377360 263899172
264355480 264377360 263899172
264355480 264377360 263899172
264355480 264377360 263899172
264355480 264377360 263899172
264355480 264377360 263899172
264355480 264377360 263899172
264355480 264377360 263899172
264355480 264377360 263899172
264355480 264377360 263899172
264355480 264377360 263899172
264355480 264377360 263899172
264355480 264377360 263899172
264355480 264377360 263899172
264355480 264377360 263899172
264355480 264377360 263899172
264355480 264377360 263899172
264355480 264377360 263899172
264355480 264377360 263899172
264355480 264377360 263899172
264355480 264377360 263899172
264355480 264377360 263899172
264355480 264377360 263899172
264355480 264377360 263899172
264355480 264377360 263899172
264355480 264377360 263899172
264355480 264377360 263899172
264355480 264377360 263899172
264355480 264377360 263899172
264355480 264377360 263899172
264355480 264377360 263899172
264355480 264377360 263899172



hasstuff:0 -1331577192:
36
-1332033500 6 -1331555408
-1332033500 6 -1331555408
-1332033500 6 -1331555408
-1332033500 6 -1331555408
-1332033500 6 -1331555408
-1332033500 6 -1331555408
-1332033500 6 -1331555408
-1332033500 6 -1331555408
-1332033500 6 -1331555408
-1332033500 6 -1331555408
-1332033500 6 -1331555408
-1332033500 6 -1331555408
-1332033500 6 -1331555408
-1332033500 6 -1331555408
-1332033500 6 -1331555408
-1332033500 6 -1331555408
-1332033500 6 -1331555408
-1332033500 6 -1331555408
-1332033500 6 -1331555408
-1332033500 6 -1331555408
-1332033500 6 -1331555408
-1332033500 6 -1331555408
-1332033500 6 -1331555408
-1332033500 6 -1331555408
-1332033500 6 -1331555408
-1332033500 6 -1331555408
-1332033500 6 -1331555408
-1332033500 6 -1331555408
-1332033500 6 -1331555408
-1332033500 6 -1331555408
-1332033500 6 -1331555408
-1332033500 6 -1331555408
-1332033500 6 -1331555408
-1332033500 6 -1331555408
-1332033500 6 -1331555408
-1332033500 6 -1331555408



hasstuff:0 1020538240:
45
1031275232 1017233048 1017254928
1031275232 1017233048 1017254928
1031275232 1017233048 1017254928
1031275232 1017233048 1017254928
1031275232 1017233048 1017254928
1031275232 1017233048 1017254928
1031275232 1017233048 1017254928
1031275232 1017233048 1017254928
1031275232 1017233048 1017254928
1031275232 1017233048 1017254928
1031275232 1017233048 1017254928
1031275232 1017233048 1017254928
1031275232 1017233048 1017254928
1031275232 1017233048 1017254928
1031275232 1017233048 1017254928
1031275232 1017233048 1017254928
1031275232 1017233048 1017254928
1031275232 1017233048 1017254928
1031275232 1017233048 1017254928
1031275232 1017233048 1017254928
1031275232 1017233048 1017254928
1031275232 1017233048 1017254928
1031275232 1017233048 1017254928
1031275232 1017233048 1017254928
1031275232 1017233048 1017254928
1031275232 1017233048 1017254928
1031275232 1017233048 1017254928
1031275232 1017233048 1017254928
1031275232 1017233048 1017254928
1031275232 1017233048 1017254928
1031275232 1017233048 1017254928
1031275232 1017233048 1017254928
1031275232 1017233048 1017254928
1031275232 1017233048 1017254928
1031275232 1017233048 1017254928
1031275232 1017233048 1017254928
1031275232 1017233048 1017254928
1031275232 1017233048 1017254928
1031275232 1017233048 1017254928
1031275232 1017233048 1017254928
1031275232 1017233048 1017254928
1031275232 1017233048 1017254928
1031275232 1017233048 1017254928
1031275232 1017233048 1017254928
1031275232 1017233048 1017254928



hasstuff:0 -1485558400:
45
-1474997536 -1488863592 -1488841712
-1474997536 -1488863592 -1488841712
-1474997536 -1488863592 -1488841712
-1474997536 -1488863592 -1488841712
-1474997536 -1488863592 -1488841712
-1474997536 -1488863592 -1488841712
-1474997536 -1488863592 -1488841712
-1474997536 -1488863592 -1488841712
-1474997536 -1488863592 -1488841712
-1474997536 -1488863592 -1488841712
-1474997536 -1488863592 -1488841712
-1474997536 -1488863592 -1488841712
-1474997536 -1488863592 -1488841712
-1474997536 -1488863592 -1488841712
-1474997536 -1488863592 -1488841712
-1474997536 -1488863592 -1488841712
-1474997536 -1488863592 -1488841712
-1474997536 -1488863592 -1488841712
-1474997536 -1488863592 -1488841712
-1474997536 -1488863592 -1488841712
-1474997536 -1488863592 -1488841712
-1474997536 -1488863592 -1488841712
-1474997536 -1488863592 -1488841712
-1474997536 -1488863592 -1488841712
-1474997536 -1488863592 -1488841712
-1474997536 -1488863592 -1488841712
-1474997536 -1488863592 -1488841712
-1474997536 -1488863592 -1488841712
-1474997536 -1488863592 -1488841712
-1474997536 -1488863592 -1488841712
-1474997536 -1488863592 -1488841712
-1474997536 -1488863592 -1488841712
-1474997536 -1488863592 -1488841712
-1474997536 -1488863592 -1488841712
-1474997536 -1488863592 -1488841712
-1474997536 -1488863592 -1488841712
-1474997536 -1488863592 -1488841712
-1474997536 -1488863592 -1488841712
-1474997536 -1488863592 -1488841712
-1474997536 -1488863592 -1488841712
-1474997536 -1488863592 -1488841712
-1474997536 -1488863592 -1488841712
-1474997536 -1488863592 -1488841712
-1474997536 -1488863592 -1488841712
-1474997536 -1488863592 -1488841712



hasstuff:0 -1916591392:
45
-1931340784 -1931818972 -1931340880
-1931340784 -1931818972 -1931340880
-1931340784 -1931818972 -1931340880
-1931340784 -1931818972 -1931340880
-1931340784 -1931818972 -1931340880
-1931340784 -1931818972 -1931340880
-1931340784 -1931818972 -1931340880
-1931340784 -1931818972 -1931340880
-1931340784 -1931818972 -1931340880
-1931340784 -1931818972 -1931340880
-1931340784 -1931818972 -1931340880
-1931340784 -1931818972 -1931340880
-1931340784 -1931818972 -1931340880
-1931340784 -1931818972 -1931340880
-1931340784 -1931818972 -1931340880
-1931340784 -1931818972 -1931340880
-1931340784 -1931818972 -1931340880
-1931340784 -1931818972 -1931340880
-1931340784 -1931818972 -1931340880
-1931340784 -1931818972 -1931340880
-1931340784 -1931818972 -1931340880
-1931340784 -1931818972 -1931340880
-1931340784 -1931818972 -1931340880
-1931340784 -1931818972 -1931340880
-1931340784 -1931818972 -1931340880
-1931340784 -1931818972 -1931340880
-1931340784 -1931818972 -1931340880
-1931340784 -1931818972 -1931340880
-1931340784 -1931818972 -1931340880
-1931340784 -1931818972 -1931340880
-1931340784 -1931818972 -1931340880
-1931340784 -1931818972 -1931340880
-1931340784 -1931818972 -1931340880
-1931340784 -1931818972 -1931340880
-1931340784 -1931818972 -1931340880
-1931340784 -1931818972 -1931340880
-1931340784 -1931818972 -1931340880
-1931340784 -1931818972 -1931340880
-1931340784 -1931818972 -1931340880
-1931340784 -1931818972 -1931340880
-1931340784 -1931818972 -1931340880
-1931340784 -1931818972 -1931340880
-1931340784 -1931818972 -1931340880
-1931340784 -1931818972 -1931340880
-1931340784 -1931818972 -1931340880



hasstuff:0 768:
45
-2078163304 -2078141424 -2078619612
-2078163304 -2078141424 -2078619612
-2078163304 -2078141424 -2078619612
-2078163304 -2078141424 -2078619612
-2078163304 -2078141424 -2078619612
-2078163304 -2078141424 -2078619612
-2078163304 -2078141424 -2078619612
-2078163304 -2078141424 -2078619612
-2078163304 -2078141424 -2078619612
-2078163304 -2078141424 -2078619612
-2078163304 -2078141424 -2078619612
-2078163304 -2078141424 -2078619612
-2078163304 -2078141424 -2078619612
-2078163304 -2078141424 -2078619612
-2078163304 -2078141424 -2078619612
-2078163304 -2078141424 -2078619612
-2078163304 -2078141424 -2078619612
-2078163304 -2078141424 -2078619612
-2078163304 -2078141424 -2078619612
-2078163304 -2078141424 -2078619612
-2078163304 -2078141424 -2078619612
-2078163304 -2078141424 -2078619612
-2078163304 -2078141424 -2078619612
-2078163304 -2078141424 -2078619612
-2078163304 -2078141424 -2078619612
-2078163304 -2078141424 -2078619612
-2078163304 -2078141424 -2078619612
-2078163304 -2078141424 -2078619612
-2078163304 -2078141424 -2078619612
-2078163304 -2078141424 -2078619612
-2078163304 -2078141424 -2078619612
-2078163304 -2078141424 -2078619612
-2078163304 -2078141424 -2078619612
-2078163304 -2078141424 -2078619612
-2078163304 -2078141424 -2078619612
-2078163304 -2078141424 -2078619612
-2078163304 -2078141424 -2078619612
-2078163304 -2078141424 -2078619612
-2078163304 -2078141424 -2078619612
-2078163304 -2078141424 -2078619612
-2078163304 -2078141424 -2078619612
-2078163304 -2078141424 -2078619612
-2078163304 -2078141424 -2078619612
-2078163304 -2078141424 -2078619612
-2078163304 -2078141424 -2078619612



