200 143
2567062 -4699376
4492979 1603047
-2124029 -5785497
-6488655 3331765
3686055 -8554046
-9108571 -120466
1065545 1133855
-1199609 3020908
-5249755 -4120807
-2085789 -2787025
7844127 1140816
8741990 2346693
8464851 1781046
-6735349 -6960701
-6460145 -3807033
-3213769 -5284177
-3578828 -7077527
3755653 -2530032
4220560 1352281
-3932479 -1804748
7470910 2507440
-1582517 7248306
-8524182 4200891
-2625448 6373225
-2985224 5873123
-3147983 1012977
1965923 -7772188
8528153 4547138
3178887 -4148062
-3666236 -4002449
4791359 7394701
-3205680 -5059370
2289500 -3834715
-4428131 4105271
-3912651 6575149
-7013255 -3545177
3614217 -1245810
1519473 104337
-8838789 1428715
5731658 -6806447
3351000 4335034
9152839 -2382512
3815622 -137377
4634005 -276539
6168702 -791698
563285 -1910794
6740180 -446726
-368169 -5361986
-9285560 142244
-139298 -7994782
-4827211 4721312
6177765 -4446170
7051547 2347141
-3558053 7387183
-6703655 -7216160
-5578031 -368748
-4752554 8149198
-2321423 -5443891
464383 -2711151
461461 -1354907
4545017 -8628870
2018651 -3776864
1596479 -4525072
-4820138 -3431798
-4239110 7968506
5528354 -5591387
-513635 6124018
3200127 864550
-3694962 8057452
-772604 -670658
8762633 262283
-8123965 -5009158
6329672 6007509
969166 842630
3892646 7779639
2456347 -5534433
5377670 5780622
2788657 -6068219
9482757 3021717
1012724 8941646
-8792072 3171046
8410639 -4766962
7974046 2893509
-5843359 5481171
-874838 -4193145
9538308 215822
5432859 -3064748
-5237561 -5729608
-9249957 2990361
4329796 -2705456
-302396 2815056
9203875 2703984
7092068 725586
5743343 -5584028
-3953385 -5565030
5742353 7187794
7517816 5604857
-8967439 -3478786
-7865075 -4712070
4820453 3076313
-8302351 1263751
4763121 5846710
4264705 -1824080
8448752 -3000533
2367143 8727909
-6661524 4760811
4667379 -5154940
-3085116 -8183557
5402833 -3519246
5102251 7553712
63856 995701
-5907395 50811
1032410 -879999
-4628390 -1624817
4648174 1885306
-1593877 -5762283
7196929 508889
7866279 -5723858
3469452 8162325
7151377 6462609
-6826368 4303133
-9352814 2915835
569691 1591159
7329671 -2891566
-802582 -4634604
9774073 -930055
-3090383 -6119616
-4326859 7886756
8232775 334389
6184434 -3205872
1201546 2392062
6447335 -2905925
-5201070 -2542568
-5323234 3907595
-604340 -1761643
-6557526 4486430
3788739 4824446
2877816 6785318
-8155344 3008234
-8165347 -4936172
-2631278 2083664
-4881731 5696984
3815768 -5081588
-452520 8969024
-5499791 1545713
-7306939 3901020
6474907 1324932
-5492342 -6825450
5717733 1347484
-1702863 -8747383
7700702 4911328
3553509 5746923
3099619 3564854
-2461869 5949844
4832823 -7432716
-7149750 -2803787
-8466779 4095052
4491502 2515427
-2485218 2871252
-1847839 -3403194
-5623425 -1347459
5721791 -3967024
5755634 6301260
1003702 -8320048
-1719377 -7784726
-532449 507311
-3190938 -1184861
-2679231 6572578
1298954 -2091330
-7560167 3755932
-6564638 -769031
9922831 487158
8679404 -4014701
7053396 3361475
-2124845 3918199
2920179 -5920293
532593 -2032247
8237840 -1869430
4164173 -7142428
-1247109 -1247165
3303617 8508684
9723532 -661478
-1059228 8859925
-319782 -2247042
753154 -3424825
-3019255 -8428752
-4673224 2266701
-2817968 9190006
8000910 5120046
6065176 -6227456
3502302 -1575452
6246395 1978196
-2678410 1291564
2217623 6702918
-4994965 5111449
-4065524 8212593
-1059347 7903586
8412744 -4353172
-4779637 -2423470
8887424 -4492385
