200 134
105164 84144
3991523 -5906733
-2886901 -3021316
-2058941 -219750
-8924220 3792824
3888854 -3857798
1762684 -1982614
-7085911 2588164
-5355141 2789037
5278032 -6235657
-1609545 6355661
-4003925 -1662560
9176836 1329557
-6247005 -3816802
-5157158 -5877733
106528 831611
-5944869 -2398118
-755467 4180519
7088663 2501256
3824200 -6136934
48163 6565108
-1233263 3407665
623735 1280668
8089544 5088390
3103417 -8221521
293070 -902448
4271004 -3187581
-1215431 470945
52786 43016
985927 2820070
-1344495 -3124938
-2861076 6864838
8611635 3143354
-7297481 -3308280
713829 -5000100
9459433 -2571218
-3845302 -2658675
-330514 3911301
-3338195 2249598
4147307 5060175
4343613 5692633
-563670 3317355
375355 202686
72411 2332000
-1783552 5534828
-3258280 4786422
5544248 5126184
-499007 -4325233
1400726 -191261
972989 113493
-3050958 5493055
512396 6796990
6281100 722841
814996 489912
42141 3582365
-1697084 2934709
3057013 -6881082
6951670 -4164788
-1641610 1897371
76566 2695571
1133592 -468900
3094497 -2098525
-4963623 4148620
811973 538889
1775339 -1069578
3288633 8085828
2796063 -611435
-4444271 -3028407
5399531 3005211
-1107280 -505447
1660515 8557976
831754 -1434459
-4478844 7473638
-463132 -1258479
-7052870 -3532793
-1439151 -2094911
-3735399 -4533661
2193790 8807793
-7903193 4655911
-8279189 -2638984
1069879 -8899702
952652 -600169
3365606 5723160
2504592 -673276
1327763 109231
5211344 1040364
-8137757 -2006663
-8209354 2286897
-6307660 4477477
-1853031 -1257663
-5207128 -5857147
-3871910 3517133
5790286 3643005
-539008 -619794
-884411 1219070
928219 -4315135
-556737 8667282
604485 2633480
-4872203 4972473
4780014 -504393
1247737 -8498621
-1761581 378266
2206046 4846495
1126388 1206600
866983 201799
-6475140 1926304
-376961 -374444
541252 7005837
-112042 75293
930982 75094
893431 8150592
-3181254 -7774988
8716116 -402612
1454219 527639
-8167984 -1473528
5810245 -2313086
3087205 1040212
25940 -2306782
-9485312 2911825
8213689 4088409
206623 1777835
1189187 2769629
361396 1353014
1075689 -2819277
-5794674 -1398792
-2988175 810877
-5164856 7480552
182892 -7761163
-765578 -4745111
-1636649 -3459815
-1436019 2379738
6042335 5853879
-8176382 -1308931
-4403339 -8884117
-172710 -2369869
-6559997 1465014
3828570 972276
-156952 -9114769
3466681 -3336865
-564255 -3592589
2055965 5864222
5908123 4735322
-411659 -1302417
1974659 707569
-5965605 -5628505
58321 1585511
-6209213 -52771
-377465 625596
-4121795 -4879022
5596108 6887823
-1169580 -1494407
-2969211 -345817
3065394 3137
-423855 5411280
1802209 5139661
-2124024 9606795
505280 2929229
-194186 2645922
54779 308814
-618597 2929966
225307 948392
123228 -156245
5004276 2678886
2528881 -2336877
-1395683 -2627789
1679138 84733
-2328484 -264960
933948 -166849
866802 -227533
-1749340 -864260
-8072588 -2246887
81521 -151410
7025536 -969577
-4306279 -1371085
-5984338 -973327
-9491375 -2693303
5121854 -4890366
1926512 3311357
-504118 640116
4259588 -1558349
157535 692967
4765873 2047888
-1401944 -3986327
-6460010 6185780
23970 4095
5229759 -5464263
-33367 245322
-2317539 -1667067
5309868 3347929
518937 181184
-3080186 2978940
3748269 2934435
-113076 -8857
-3175114 -8254405
-511206 -4353220
459304 -945312
2159821 6836113
-4744141 -8098032
-1771622 3568285
-867985 2464178
