1000 156
-8228347 -3993770
-9825617 -689961
292026 -6291892
3476064 7703383
-5341809 6142521
-5885411 1830717
-458798 5582705
-5660347 -3153481
7512292 -737747
5304594 6775454
4644232 -4411362
6404784 953003
4844627 1555618
8507616 2880368
5819669 1018401
-7850421 2017266
6352179 -2926914
4948217 -8483916
-3829323 1836522
-8344872 3507365
-2621565 -9026843
6847918 1113721
138628 -7622713
5137866 -1342701
9542512 -656576
-412706 -9721520
6577852 -3086207
-29717 -2181020
-141640 5944906
3601600 -4550496
-3559738 471849
-129011 -6339423
8565782 -954327
698235 -1881515
-8732429 3989863
5504340 -2256373
-2273810 928486
-3796065 -6108838
5597567 919412
973305 -569991
-2571919 3267815
-150065 -3048023
1563988 -7268731
-3912067 -8328054
-3482655 -3140647
8051407 2516314
8291294 -4644509
6638468 6672645
6299865 -3194679
840696 -2365231
9113324 2051429
-2504490 9625093
3870829 -7850492
-6252352 5488543
-3167372 -620157
-7238090 2924328
-7565032 5064754
7945142 -5260430
-6760826 4752756
3025422 -7432387
-2657210 -581265
2985211 -7802948
-1332157 4934621
-8227814 1179979
7746049 698888
-6041119 -7705360
-3832008 -909797
-1557329 -4815431
9622141 -2173162
-8624856 405631
7465452 4480973
9461350 2463541
-4031019 -1528515
648169 8907751
6450028 7087115
1206851 -6140720
4963994 1717318
-1443808 6786534
-3273157 2347822
-500313 -9012157
1115173 -8471837
585797 3900897
-8391951 678526
5136590 5300470
-3346598 229674
3849066 -5498286
-5119244 -5222775
2784051 7924637
-5916408 -1192594
5142697 -4507862
-4962169 -496994
1174421 -9010200
-4515315 1776529
2226562 -2477592
4781138 6939296
2688128 -4880127
-4172876 -2617137
-4583437 8007613
-625158 -5366370
1467510 8692387
2876026 2735078
5537631 7886936
-8789762 -2974443
1958048 -7719031
-2030389 -4614695
-2535705 5061725
-223876 1912581
5659026 -4072301
9148420 -491998
1029238 -7421738
-5274968 -1545172
-6526821 5228191
7550936 2225462
-1601225 9157770
-494698 -5487552
5366827 3701372
-2291991 9562248
3849833 -6878466
4463791 -4254281
-2758949 4855985
-5883666 -7789989
-3478663 6969632
-3810350 -5840390
2943188 -3453434
-1204998 5577037
2002644 -9320196
-6658270 528630
-2292252 -728191
-1195804 5872992
5961816 -4982044
4955969 1067217
-7544009 -4405615
-8020091 -1380418
-3860913 -2229425
5618954 227389
3039498 8844825
6270162 1609885
2655021 -425009
-3790925 3600658
-2292113 54299
157323 7311420
343316 -1425427
7264128 6518610
-2154784 -777108
-8429818 996270
4775444 -8437422
-3175825 -740036
-9013959 1888585
-6858743 -1807730
-874063 -6332519
8841211 1320865
9131834 -1826488
6549325 7142823
-3237183 1139020
5664747 1253185
7432921 3051103
-6825070 -5370414
2134754 8830710
8927066 2938302
-94162 7272076
-3215848 36508
-7775129 2759335
3410781 -1918277
5501842 5087062
-6150437 2198884
-2927079 2837557
4805964 6213535
5566871 8259703
3640693 7131054
-5447309 -5500369
5508015 -7698918
-3278512 -1133727
6359058 2329440
-7187052 5734499
-7587897 -6267583
3532603 4364543
9723299 -530030
-6942145 -306412
-6132368 -1300196
-5205795 -6070435
7086178 2677587
-5123722 -3563033
2687545 4004195
4910869 7318949
5660369 -6932937
7767790 4799705
6064050 -5063829
-3692569 6513839
6210271 -3135064
-5102977 -1385534
5010070 3267631
3603992 3772136
-4584318 6946049
345843 6726941
-1254039 -7892208
-415112 -6032229
-6611699 -3828332
3912206 -2593742
8446075 -2319704
3188755 8765506
4444201 -2194560
-1408814 -3347793
6229407 -694329
-3341542 6077305
1512359 1496516
-2743664 5760714
-3461128 5489070
9503140 -1469081
1762961 5708866
7634637 6105473
-1103751 -4140894
-3583669 1254509
-5612384 -581373
1018256 4859545
-1514097 -7968743
-3488787 -8777442
5639916 -768520
4567379 5037781
-1011478 -5762973
-1238111 3773573
-1259216 -7121357
5193052 7953456
2343010 -2807077
-6512360 2881655
-579632 5482681
6949990 6117847
923311 7601912
3109211 5431763
5147066 -4986091
233414 -1567398
1129073 -6070683
-3814193 433146
-7246873 -134301
-8640047 -30027
-4815882 -6245075
4553909 3507180
3820752 3777960
-942790 -1179733
5119679 -7341432
4753777 -5839889
-4676622 -2763401
4625674 -8233159
5009123 -7288288
4558044 3042495
3850778 -3047079
-7274919 533972
-1085051 1955238
-6073452 5959178
3280357 5707150
1587275 -4001272
-575145 -894791
-4011096 252114
-2389477 5081443
-5203623 -4364015
-9531012 1583466
5895998 -3914056
2059646 545967
-2136386 -7349145
-2451044 709147
7385535 5096632
8528767 -3907107
-6969818 5697958
1421526 -9205775
-906642 -9001639
-2206795 -5724318
-6539568 -1003367
1966985 -7138913
8852863 3388113
-6762731 4086960
-2149313 173460
-7629795 -96030
2368526 6061590
-6585537 -3708635
-2672984 -8969666
2833848 5015859
5252060 -3057699
6187713 7831550
-8980435 2046940
-6442638 -361253
-7434663 1867093
-7604993 -4589742
553959 4946824
-4678349 -5603864
416582 1705040
4211837 -811825
6227556 1031297
-6766223 537681
6483785 1086694
-2518938 -435647
5851841 -247356
1630318 2666693
-295292 -3485581
7064021 3968900
5025267 2310462
6485525 -511610
-2360998 -5675951
-3682045 6396830
-1784776 -7143539
-3055887 4463835
4629202 -6894985
6540281 -3740631
-2597720 3362856
440049 7870803
8655358 -897013
7721500 -6008264
-7940920 -5866769
2978945 -9425176
7409111 2375037
-4325123 -1192826
4591153 7979825
3288286 -3064743
6885884 1526114
-7391719 -5376228
-1892646 -8567504
9526005 567945
-1159775 5529148
138721 -3030869
5120865 6277339
-3138430 -8933897
-6036938 5516339
-781224 5628105
-4677278 -5553696
2064268 1728655
2310070 -3827712
-8667800 1314401
-3256099 4020310
-5834325 -7736965
8801610 -328460
-9813270 1433052
7691020 -4528880
3111167 4869073
6706640 -1698223
2167810 -774396
-1111659 -5163406
6307411 4663072
-20452 -1113436
-7592973 5499493
-6938042 4907092
6539638 1740020
436458 1703721
-6904197 -2754571
-1263903 3431279
2697442 1181512
-880882 4528028
-7198496 1048121
121609 -224543
602438 -6272471
3921181 6350091
1913982 1935801
1347423 -2200
8093225 -5723027
4997079 4470295
-1539983 -8241409
3710917 -7705758
57950 5837599
-6376034 3493108
-3450563 5588577
-4950749 -522700
-4364676 2450503
9712037 1100780
4047237 -2780564
-3167380 6884118
-2837348 -9489809
-3731957 2162329
2827707 -5245552
-5443070 5161205
6456366 7454821
-9074475 -2499924
-2741244 3792178
7223491 -4726247
-5997317 -2205598
2573257 7431192
5956391 2275827
-6558602 -6983976
-2854980 -432506
2356297 -7294203
-3190312 -8419570
1159764 -6205610
-7140587 -4658084
-8564165 -2960296
-3226010 -4679866
-984585 -8266445
-6263730 -1811508
5440127 -1211310
-5880500 1927943
-8922026 -123854
2413390 1727380
8224808 -5509687
6079065 -7036570
-1627702 -6086175
8590834 -1300171
8084196 668199
7633666 -871461
1746245 8017200
-2579676 3914901
2003417 -8968343
-2568088 7764053
3540890 -109921
3302625 7134019
9402035 3299336
-4463504 -7633764
-7543127 2471055
-7216483 -3779650
8421086 2244811
-2284652 6046096
8039794 2378100
1881709 7168049
-7604921 -5672661
4646935 -8480891
-379710 -4795130
2120807 8824368
7304510 -5407308
-3239448 2483404
-6518765 -1357896
3087189 -6908447
-1831085 2194183
9799462 1502848
1561501 1473168
376905 1728635
3382595 3409952
4037014 4998610
3805041 -1637544
6695414 -729939
-3273056 7757071
-1882862 6328571
-6781831 -3955323
-5001822 3484384
6956894 1072998
5864376 404507
9052035 -4217492
-2466515 4776970
-292794 -9374945
628693 -2201257
-6439388 4000071
659469 3366363
-432039 903907
-6365498 1867344
5424494 2691501
4262785 -5761676
3099346 968927
-1958844 -2424822
8947007 3121172
187701 -8030631
2880062 1852126
6419993 5516113
9481669 833263
513203 9090868
-5659199 473983
4660971 -2474257
-100132 -4504001
-3156678 -8380524
8045126 -1924282
8363002 193962
3263425 -8099213
2595020 1630403
-5792442 -5300307
-3316610 -6239191
7619366 5243147
-9198031 -3739009
-468946 -3308984
-4231479 -5360626
-3780163 1660332
-1519575 -2006542
-1366213 501654
-6143472 -2348581
662148 -5364301
5994703 6755840
975246 9794191
4561558 -5146887
744003 -6279414
2266801 -8960975
-2220243 3798366
-8093062 3494751
2890385 -6541205
1621461 2533017
5267221 -1007427
5193911 -6671565
-9160724 2477594
-2814704 -4608093
-964954 6625248
9682294 -45747
-7572347 -1075310
3408408 7235729
2342633 8361680
5466022 -7796313
6565390 4841747
1437668 4169060
-4784241 -3699187
4730071 -8694076
1451701 -9730601
-2812630 -1590848
308913 -2974017
-1108619 3364767
2742999 -7610801
690612 -7955231
4078906 -8202647
785557 216212
3691438 -3215573
-1880158 -7139496
8944980 -4073703
2448358 -4619438
-5155824 -4130452
-1590213 301863
4335507 -8772878
-3425103 -6086453
7048267 -5339807
2434199 -5021530
1554477 -1524347
3867082 -4558468
4505645 1212625
4970038 -7693227
1393798 3065011
-8890383 -4136227
1612867 263725
-3221508 -1129598
1339070 -4540604
3886387 6778939
1802383 -5229244
7609149 -3227086
-9579212 2032118
-1962207 -122956
-2159244 4410987
-1276836 5937603
1595862 4700655
-3682228 8291250
-7967543 -3706785
1702168 5928343
5915408 -6934350
6643521 7020991
2999527 -2018732
-2787241 772631
-1925212 -8570312
-1577362 2097281
9405978 -2411867
-3420277 9299139
4098258 6752561
-6947263 -5181123
-1580861 8916906
-5815383 -5278751
-6731650 5453752
-4835199 4783379
3780902 -4145655
45050 5744076
1931264 79911
9653178 672830
934495 -4064727
-7068933 740750
-656517 1110405
5201888 6680793
2758339 6271552
-8653597 -419596
-2295303 -7340117
635840 -8502857
-5850471 4243165
539364 3489865
3237008 -1124041
-4519219 -442727
8183669 -3265613
-4482069 4424452
-3491212 3000175
-2819638 5031005
-6946479 3051500
500928 -5958212
4179096 -7269675
1700476 -8130947
456007 7703365
5036634 -1066136
5061686 1490111
-2313801 8650223
-5332506 -5518773
-5232953 -665166
-3970503 -6000511
-5090501 -6107341
943904 3281772
-2434294 9356705
-5987108 5426952
5055981 -653519
-6168132 -4078011
8151014 5339577
4315542 -6500692
7950349 2285650
-8844058 2795239
-6780499 3833609
-219388 7189612
4543829 5319259
-2161824 206641
5192835 -4807286
1767864 -3935539
5644535 -6647880
1693595 5680505
4965980 -1275112
8532207 -1791669
-6260013 -3144272
-2029676 -8562792
-5765611 520460
-4015532 6109358
3713866 -4930439
-1279641 -6174030
3387936 -9168869
4117963 -1869900
-6874508 -1080412
2918128 9478727
5312194 -271213
-8875284 1876868
7202498 4088670
-6551584 -6647291
8379656 -3519675
-216412 -2153895
-6261991 4121234
5875742 2503172
-2594933 -6913459
-749414 -1390885
-7218956 6722708
-221930 2178956
-2408164 7924922
-6240891 1905186
7010901 -402087
-9638895 -1957330
-3716952 -5618142
-6486743 -2654715
5941591 -4180933
1289585 -7971410
3683291 8953151
-3641636 -8106771
8245854 -3162666
-7653290 2692577
8791255 599397
3255629 3045312
-1553374 -9604637
-3015651 -4240461
4101265 2712773
-1423455 3762531
-8213800 -2395155
-2998612 -8651206
1999532 -9766052
-6036315 7611474
5152745 -6991370
2247217 -7733773
4460922 1060338
-2935168 -6043210
-4804645 -512541
-6164438 1285715
-5196695 1679214
5067723 2586498
-6875523 -417578
2337113 5598348
-2002649 2020973
-1587603 4741056
2311801 -4299
-8588629 -3583203
353452 4472643
5115345 -2439245
-4415458 -7260353
8140465 285195
4110001 5395090
-3398833 -5146910
4012868 -2990817
-7905979 -3127493
5205566 -3622582
9009913 2162703
4717648 8415884
-4129996 709605
-5440373 -3667908
-7906934 2152034
7884543 3354162
3994978 6048209
50847 -308755
-1273125 7011738
2161216 -5374335
9134277 -1098090
316578 9745057
4644193 -6687948
-2296725 -79065
-6290560 2244085
2303234 -7608459
4588397 6458768
9286388 31060
3570235 5118489
-6320215 1489109
7982996 -537731
-2706436 5244621
-1435148 -7986616
2401535 -4136280
-4345355 8323969
-5289253 -2770057
2720411 4922978
-2220613 -1196088
-9214455 -398090
-4629495 -6750070
6080481 -1710744
5510539 3903928
5847188 4623463
-400810 803038
4019463 4100568
3265405 4618582
-1215162 6892041
1942812 -6458656
-9104971 -3209967
-1556271 948235
-1349201 8945488
-7741679 5594945
7628152 -1073235
1922449 -8991827
136485 9137798
-2512045 4541180
-8964773 1537586
-5346211 -6249253
-3625735 -647844
4417658 -6961624
350484 -8891412
-5760111 -5652960
6765357 205329
-2271485 9690309
567811 6156987
7182836 -5198018
-8946114 -99796
7747397 -5517910
-4327959 -1466980
-2690268 -3694517
-8552912 -157583
-6862047 -2776822
-3143415 -7906391
-4298721 3441215
715671 3838941
-8173194 5392808
-7400930 6680175
-2597114 -270637
2904433 5917001
-3417179 -1888403
7356772 246879
5036108 7821730
7004613 -2792876
-8539096 -1741368
4341372 4977559
1936508 728869
-4580270 -6063791
-3157186 -3201633
-2164262 -1175792
7883129 -826410
5209573 5451849
4775817 3140172
-1609884 4518648
2099919 5031282
3534335 -6297473
8083620 5290544
-2412886 7861476
-3552523 -493325
-3056061 -2810677
-1188366 2213785
-52382 -9011189
-8667539 2568711
-5404954 5982510
-2281979 -3890865
9144179 3286435
-8391504 3736614
2244694 1369771
-326267 -8850599
-2206341 -4735160
4181887 -5894865
4983756 -1213693
6996125 -274161
-2140974 -6887093
856507 -3468737
9517703 -2788590
-455247 -6615490
4885926 -2827331
6197993 6061119
-8828978 -1634717
-2608649 6541804
141726 9867879
-1246050 7566405
3350208 -7092593
4544031 6172699
-3335936 -6607076
-8069416 -1252904
2228223 -175193
2651255 2296273
-1312445 -9179011
5935624 2574979
-8125248 -1376535
-4907616 7347605
3118330 7500842
4998419 -8634955
-2107861 -5119640
-1807176 -5261941
-4030916 8649958
-3641077 -6782385
53540 2944116
8255320 5278370
-6642650 3217261
1714382 7338007
-8029733 2251282
-5795418 315484
-692637 453838
8953509 -1303101
-3661509 7547479
4049857 -193566
-2506153 9110570
-3878928 -284861
-2012026 -5541624
-7284190 3873481
6066828 -5232519
5359885 7558835
-4772198 4028837
8156661 -1887688
3557630 7510791
-2232917 4933603
3514385 -8580097
7280317 -74709
-3547040 3637133
5826711 -3200512
3027377 -5554297
1311383 2717474
-4660124 7300508
6317196 -2725665
-1633504 -6376096
2100716 -9302701
-3948755 6322572
3816295 -8954427
2554917 -6670879
3249417 -5231955
2728332 -2836878
-3580587 -3527921
8967279 533944
-7781677 2359196
2736619 -530306
-3788669 -7489520
6452427 -4506195
5005770 2283941
-5568113 4691056
2060003 9643523
7106385 -1184872
-7615068 1849814
1644057 -445700
4467281 -2019467
3309228 -1460916
5336171 4987908
-1200617 6716441
-2364674 -8272975
24294 3117976
-1112660 6202403
-2295147 -1560396
-3009967 -9499120
4998177 5152773
-199321 6485486
4657369 6892705
-4491379 -5767776
-4421943 -5776897
-5904629 4748345
-4839351 6942388
3365678 -1705943
-9115028 3151813
-8097941 -492572
5694966 -3854134
-1527625 2862816
-1212505 -46374
3676752 -7348609
4992670 6537997
4061861 2974417
2247956 -97145
-945525 9787449
-5938571 4775779
5787346 -6643801
-7186224 -4124750
-1202227 5190481
-4282350 -7601431
2574801 7614469
-6220248 3021810
2554421 6417299
5112580 6253199
-3903413 1630171
5148880 4310955
-1071718 -6825524
2884262 8480538
4845566 2328314
1353729 -8960701
-6089208 5397908
-7138 9982327
9243026 236702
-8763573 -3016740
1824789 -1154472
-1160724 -8706868
-9436580 -857584
3102407 -5694581
-4479363 -1629740
5236471 1009389
-2656053 7346835
6077392 3597726
-772381 -1496524
5729052 -5413050
7306869 3375859
4280065 6693890
-3030270 -300006
-5909731 -2445385
-6278669 -4778950
3667125 8161951
-5948899 3460860
-2410083 -2902156
793401 7362055
2831089 3454344
-1164246 -5399817
4338973 6624437
-2866249 -2213840
-6718792 -5026737
6055970 1246238
283202 3753697
-3182773 -474299
-5978970 4956147
-5161861 -5615818
1801634 -1114144
4200139 -4886496
6845821 -3927473
688627 -5813722
-6279994 -3746528
1827773 9640272
-1698165 -5605919
-5343218 6999730
33631 -605489
6200195 -2261127
2925900 7328004
6368597 -1793178
-4132338 8997617
4403685 5576582
-9472885 2627542
-9017475 1442666
-7398755 2182868
-4884328 3356487
-9561529 -34287
9624348 -947094
3334974 3080957
-393234 1753353
-199258 -2987105
-5929961 -264492
943692 463540
4481027 7305641
-2732345 9209769
1799312 4817498
-2299654 8814857
5479308 7940190
-4767729 -5148006
6409582 -4783098
777120 -7506608
785406 -8495667
-947013 1053289
-6530871 7066556
-3425088 1106486
1846379 -9145118
-2174587 -9676868
2907565 6695007
1042172 -9383816
217037 6668286
-181847 1945754
-8397071 -4790753
1508798 -5053028
4321731 -3164840
1068898 9227433
-7132265 -1994232
8435817 644072
-5644112 7941090
-552609 -6098519
6598499 2390864
-8651319 -4054718
5544120 1045263
-8308836 -4204648
-8310340 736599
-7242114 3347833
1397596 5265934
2081130 -1702652
-1661535 1964625
6618929 -3081171
-6214702 -1174319
9823835 -341161
-2486432 5306961
8283561 -4895517
-3241439 -5949946
8765195 -3254459
-4128225 -7690656
-4996230 936440
-2868956 -5294946
1124621 9025848
-580683 -3497096
-3664336 6315835
-3922713 -1527204
6695635 -7116100
2970650 -6281122
1323007 -4841692
-6469268 -6627419
-8195389 883332
9348108 -2219042
2633407 -4748212
355689 5431684
-2243761 -33748
3751107 -6502427
121200 -3943388
3756985 2574774
2260511 -7573127
-5770930 -5576945
666391 6048264
4490098 -5223065
-6976663 412323
