1000 150
840650 -779997
1038238 -220743
-344534 1282089
-2210138 2842303
4216015 -2453823
-692023 -3950852
1015596 -1538416
-5307572 -5358625
1306452 -3470457
-6877464 -1587319
1085321 6486315
1884090 -546510
2755289 8800660
3845215 -3714644
-7312545 -4062088
321693 -1123273
4411976 -3707712
-706878 2864219
-6842479 6937738
1372386 -3384940
3741062 2234977
-2845871 2415327
7512963 6469269
152958 -2967029
-5487029 7507096
-1275945 -7164499
4514325 -4307730
5322777 8080032
712687 -959326
-7205296 -2532189
-3838269 3888743
832559 6815316
-2586749 5071206
3468966 -4840199
-1138737 -1962881
-443934 -8782662
-3414292 -5165719
2534053 5540510
-4945859 5887276
-5656153 -5121898
7104012 -4952382
3498664 -5019284
765920 -1631835
417167 256117
-2797883 -714326
-2578132 5207970
-2036121 -8427179
3431930 -1493824
1612751 308504
-8315033 1514143
287127 -1497063
-2410103 -962432
65695 1849390
-1165293 107723
-8533957 5158406
-1380739 -888023
1236501 5590302
2399433 1345621
171064 -1810187
-4524657 6872933
-6095866 2590665
8588838 -969273
-3334912 5686305
-1777725 9838658
-653806 4655885
-137113 -2314748
629095 -353121
-195857 628905
-31721 -860426
-9923940 -1187425
-6789 1356913
764095 3608659
7228011 4433374
-3646980 7922415
-3848346 -8207646
-889494 -1361180
-648568 -499915
120491 962285
-4689991 7788999
-6158158 432033
-6034952 -7557052
884557 1391421
2140665 7265560
-1894857 -7887119
4171841 -1252305
-324183 -217341
-3859435 -1970013
-5311848 5351218
-7266723 2320828
4018992 -6659636
-9077100 -2270909
4713089 1027981
-928850 3781943
6709879 -4601694
-346332 -139319
3687952 3534206
1234160 7004729
-4318372 -1736368
4533036 -226684
-444570 9218186
-2109404 -3204409
649812 4156127
-1636300 2826215
1520234 -2885431
330941 1738011
-2511521 1250604
4187608 -6002897
7254057 2652379
-369610 -818388
-2091171 597296
-4240928 4070259
996427 2804977
-3654553 3455629
144128 -42067
-7965855 -5841989
-1213596 1071343
-234726 -1276068
6076945 2914783
7123872 5053427
-1739122 4734220
-7535813 1289185
7729108 -2462332
9250639 -2350356
-6570164 2215398
590959 3339535
1702817 -2234147
6657617 -7070187
59653 4902
-4309880 -7220159
5227808 5501132
976215 9557452
-2097104 -7421054
20849 75951
-9022309 -4074230
5297732 -7412058
-2535814 -9668558
3247817 3170804
-2252446 -3493096
-4366600 8251587
-8262769 -211659
9089247 1961524
-3274786 -5172032
1500709 2936101
-182506 1206717
-807908 9848072
-154750 955286
254041 3898276
835664 3412320
-6899216 -755133
-8512712 3072818
1990326 -500200
7653036 917348
-1273998 865431
5007270 5633901
-1647264 539435
1931472 271454
-1242614 3264901
-2706824 926863
-1573082 9264411
4958547 4321865
-914283 258358
8288272 -3843222
-383793 2066105
3118213 6152108
1472163 -3661680
6326554 6349318
-332856 83418
1560610 -3964637
6596952 -1281421
-1843748 -3823596
-1984934 -6106911
-5194598 574397
-5476830 -6015604
-2701873 2037250
-1528764 136962
-328488 -758258
6368800 -6128726
-1130900 -1235840
-1117192 -9212
-3933454 -9060341
-2029540 -6337970
-2011678 3421978
-853863 -602136
-6759181 7211330
1810175 -7183888
-3764392 1364894
343469 -542009
6645587 3702125
94295 -164951
1292631 4872167
1004126 -119289
377886 1689480
-5068138 -5896015
4112260 -2811476
798132 623306
850169 -6978810
-3265904 6190227
-5491489 -1787928
470597 -4500075
519725 -742567
924412 3418118
143730 -12509
-2990843 -5003365
-214023 1437863
-789580 -2549235
9542259 1584761
4848483 4955794
3994877 -7699099
-4078159 4633720
-1103611 -4458810
-3826798 -1086183
5188872 -1144171
9148510 139454
595331 -4387666
-4531641 -1227921
-3440103 1040220
-3485211 4725403
-3976516 5065859
-51317 -7706038
-249761 2872591
7369667 -3510433
-4882544 2374608
-3165370 246095
-1075063 3153968
-2952463 2367658
-1148727 2421394
-9152155 -1166350
6524437 5986998
3061640 700189
-44467 -2444748
1611403 -4511431
1949406 -5212071
6953235 -518310
431236 -575386
-125596 -195690
-2178989 -4348629
-8568774 3510673
2383970 -2089428
-4852356 -5517752
-3357442 7124853
6574836 3274963
593388 -2842101
2016930 -3064956
-3082630 3079736
3669314 -6261312
4619807 3931200
-8851012 -4620679
-3722766 -7188851
-3698009 2309228
2465976 686710
5809681 5773032
-2933124 -1959390
2163546 -4521445
1822395 -1709706
-8144759 5644018
-4888549 -5041177
7365818 1277485
6779620 -1583328
5045632 3509661
1126558 2604454
4343845 -140015
5755969 5414295
-6060459 -6691333
-4058019 -1485815
-5698097 -4701049
-295785 2080960
-1121700 8241908
-36745 -8195906
-9450202 -2488204
-5332142 4613468
622988 -277573
-530461 482651
-2984291 2391334
-2553910 798457
8617527 5034276
-1387270 -541319
-1066351 -1238330
4295389 6410443
2593635 -4869109
-1044001 -368769
1679577 -7702310
-3602582 3849558
-3138113 1504670
-1032343 -1499703
835504 5864356
-2143017 543676
2162726 -3048345
170540 -7035348
-7252082 2350403
-38319 48059
-5607837 1932705
3891554 -6649665
4558147 6918295
5438539 -664917
-4330212 1259698
110686 380906
2057394 -879234
-1855543 6456017
8710026 -2853266
5751347 -6892950
1171071 -423143
3863449 48501
-867965 404114
2134543 -53854
4945923 4149048
-2534284 1734652
8282679 3431089
3238938 -4952696
4489155 -2325025
-25523 -689922
5113374 5016403
-2046907 -5104613
481386 339561
902790 356305
-2473168 -2651818
6764785 5562062
-6741592 -3029243
1829168 -1651636
2572509 2886227
-21991 5777
-2557091 -3564995
-5651415 -2767444
4369710 3608435
-1029139 8091907
-586322 5935123
838947 -6658280
-404087 1993957
-6888228 3706134
-3185521 3377515
-5328161 -4776283
-2897261 2474358
-2326497 6029158
3877525 6662886
3109556 -6815978
-8592575 918901
-5262615 -3021060
-175948 1168039
-1926992 -6991384
-1479720 -7188720
167356 70431
-3110414 4334363
-123758 -521647
-1768803 -6714348
1363135 -6262471
-229206 -3420167
621351 3203466
935210 2057901
272064 938854
61237 -3851600
2464871 2941860
3375315 1970415
2526343 2712506
4147320 -3004888
-7640041 -1565713
5438998 1288703
115075 -12633
6640936 3196346
-2869515 -2740839
3198491 2517028
-1315821 -3811453
16485 817601
1995785 -1647148
-3628241 7221703
2148910 3803833
6332549 3672200
-8514331 3876085
1104318 -6645565
868896 557561
-1279844 -672882
4148027 2073843
-7954223 1864572
-631649 -79313
4176174 7663520
8090568 -3666835
-1408692 2891716
-8685973 -4621610
-2592430 -1903550
-347848 -211660
6808763 4555866
-905771 5796193
177681 -3336018
-3172725 -7945855
7782784 -4296389
-6435627 -2080226
5611474 -4592871
3659276 -7911351
388523 -184559
3034231 3270126
-5347390 -3443600
-3104471 -2757001
2810345 81258
-220654 -1401599
4986374 6167159
-3517192 3027608
479322 380933
6982855 5082568
-1702602 -2218479
-2306639 -3715962
-6343692 2533711
7268597 -2389254
-3564463 2187086
-2669018 -689658
2539091 2045917
2896984 -5514211
-4292148 -2936594
168872 47054
98532 -1788751
-5652809 -4784949
-1295177 -1427217
1611903 1168663
979589 11434
3110761 -6979745
-6230883 5070823
-4444528 4645604
-1018560 -1435538
-2739156 -4437000
525057 -1307999
-6865442 3238899
-405062 -341998
-4279261 -1187727
530817 6004733
7237202 -1389266
2748419 -24900
35081 -139376
-7361095 -4462030
4056381 8274755
-6951790 1633789
4781606 4780907
-981086 1242031
-1506229 3065222
4642014 5224852
-29893 16221
823063 -3603195
-4499194 3906853
-5634863 15938
936932 -9820530
-5919409 5059814
-7281444 -3272987
4587648 -5555465
5338072 -3509115
669930 3848478
-4515616 4679212
-1310594 608513
-1872452 -1215139
-3720989 1267191
1171466 537583
-2866054 4682839
-2543429 518366
3554398 -1508665
388496 693823
-2004949 -7821296
540495 2938253
-232404 -2348687
2624379 -3795414
3343081 -1742744
-3616289 -1820750
8807674 3632653
7216538 4204338
1404145 -1280358
4652492 -7723656
8183302 2607991
-2310763 -1037293
-3245972 -3543352
209954 46276
686867 -7572200
-6034657 1672637
6419257 6525445
324404 -225847
-555640 1148635
96905 -4124419
3242921 -1199538
4958865 -6640865
9588464 955411
3001040 -2899523
3287343 -6011478
-4266745 5946616
-908929 -438966
5028429 1383492
-2329016 -2173162
3125611 2038836
3480962 3533380
-6444438 -2964087
6899261 -5056965
-2204645 -8846131
621801 9006820
4255183 -3720083
-7287031 6538167
-2877274 -2888026
-1394125 -3135082
1092158 -51552
1426038 -639974
2026862 1229285
3485591 3953809
1427990 -4437083
5792125 -561638
-244515 705590
-2705484 5059579
-6515960 -7253974
-2866760 -48204
-8343353 -3491775
-3168530 -3055135
1716438 -8767253
1075695 -1715646
-809539 -420829
-7386378 916388
-160170 -114631
477209 714825
-3457567 1476514
2408204 1881926
-1318755 1014319
636112 5643043
7557012 -3140601
7397618 -87180
-125827 -414296
1276650 1629821
5076358 -3305004
-2768604 2439794
-755659 524274
-320136 -3481766
4642839 6881672
6811070 4751556
2390086 -6506468
6250215 -1674898
331932 471393
-7536504 -5304236
462170 -755207
-1837572 -2584619
3453371 2479270
-58026 4201352
-8820435 3437321
-3308932 -811776
-1952736 -671939
75444 -7040554
3840235 2154389
656251 -587301
-4438807 26821
171384 2911036
-3564027 4401900
6122655 1722080
-6723784 -4582435
298450 -976176
-3099351 853862
-206639 132330
-1497033 1770259
469339 282793
2247998 2415028
2602175 9620519
366728 -4404351
990603 2179719
3995229 2659126
-3262653 -4178962
1225205 -2742554
251107 -1062322
1812620 213355
5465891 -5812280
2579690 3000104
-501814 9074115
-4132964 -4970150
263045 -829753
-3106734 1989318
4836701 -2060636
-6178317 -1591675
-2723620 3537028
-2058436 -6821699
8825158 2756708
2680592 745512
-1566982 -3423155
1269385 580547
1558221 -2465028
-3480120 4234593
-2122455 -5745098
-3047644 1495131
-7188885 6103942
5362086 7755348
-1066458 -1378880
-3511327 -6006758
6214057 -4178818
902528 934181
2809358 8040854
4715438 4196341
-336340 12703
-6633841 -4406817
1475012 -6651294
282061 -297382
31378 472994
-8674328 -4431962
-1379481 2549725
4446927 3183215
-5818548 3764610
8298978 2924800
2884263 -4383999
-1122923 3164311
4420800 2368619
3918986 1515930
8443894 3367582
-120669 1113856
-1111400 335717
-3694451 2850713
6596 -23756
6738679 3239128
-2798462 -776412
2582280 -5807168
9427869 888354
535667 676156
4916250 4582643
-548515 478998
-987005 -8778237
254243 -661033
2470369 -6645881
9431549 -852841
1081850 3296448
6303756 3255379
-7211005 2887838
147257 275412
2593189 -3278502
1052806 7488218
-8767116 -3123979
-912288 -8119019
3565549 -1677160
-1482716 448368
-1076394 -5369573
7683093 -2412929
7007426 -963222
-2995682 8728522
-16744 490012
-6261235 6140504
-720376 3852223
27755 463973
485798 8889994
-3913499 3865728
5886093 -1274816
-4161974 3021949
-1116427 -8071469
-4010028 -4081860
-3584906 -1706324
652398 -8822253
-2090240 5320227
-4807596 8194072
-4677713 -4887509
684564 293938
-5826966 -3270109
1008298 693418
4646102 934823
2835576 1743012
-1350967 -2456278
-41558 -13480
2014965 -8831795
-7550094 677706
3551945 -5179374
-7879981 2779742
-2034332 8297783
3711623 78526
-3756686 -415222
2960187 3651503
4268852 -925283
-4652990 -6137073
6013662 -585452
-680423 8922286
-1890059 -77195
-4307619 -6075671
-1252966 1220230
-5438401 7328800
-6452612 -5281266
-6241009 3621585
-2328664 1103981
98924 -6964545
-5087453 -2725941
-1339851 -485548
3370682 -4550126
5960344 305656
1467790 1235490
-6579319 -721572
-3630515 -9165552
476880 -338644
746945 -7148158
873110 -1260832
-914767 3099715
1284844 -1113050
-4488144 -1376253
-6578675 -2100719
-8132668 2741586
7110938 -6519457
-429399 -3759162
-5452733 -2794374
1921556 465009
-8217921 -4906457
4874842 -1574032
-406292 635610
-61164 15925
7432337 2971648
-1381582 1312689
1070865 4785592
-1793319 4591649
8431246 3734391
-2166682 4132475
-181170 -6818123
-787081 6615144
-3581116 5648960
-1615381 -1289696
1857171 -3362801
9156072 -1550219
1793866 -104323
4641297 -394620
-457551 4344207
-2125078 -5832815
2616440 7304801
3857250 -5294425
5117180 -2816693
-5068351 7083939
-73389 66225
-3319276 281439
-1420548 5283322
-2898509 -1910608
398472 184503
194164 5130788
-1379068 -895089
4858229 6668293
4643998 2037909
781793 1529969
4823817 7229440
-5612705 2566974
-6150055 -6988701
7854123 2132366
1932545 5193953
-5842269 628364
3824439 -1674818
-1171841 -5273563
-4860611 -6243735
2731134 3717709
-2227812 -2905325
-8885487 526659
-654977 936235
-4732707 2015575
4807545 -4986933
-289693 -169687
462461 515343
1702986 7796755
1352715 -1289259
1852406 3036219
1099568 4611782
9556279 671235
-3942714 -34935
-2583376 -3736192
82889 -1265109
-127301 1416069
-2259915 9147742
-2845383 966162
6911039 1652243
-9021219 -2079211
3107472 -9426357
-8333442 2785673
5852391 919802
4184608 -160244
7294011 1567916
-3329184 -1240245
-2170977 -1133255
-3615733 -7856061
8890116 -4263682
1016277 -895527
1745835 -8301223
6429136 3717534
7294032 6541220
500737 404219
-4291416 -757992
-4213264 -4166540
-7268801 276829
-2358223 495098
-5844844 2238980
3460637 -4949998
83766 1646717
-1308294 321343
149465 -8591962
258853 15942
3145064 -3724660
1963462 1150407
1366481 -450322
5907194 1855922
7916243 482696
1321216 -5529054
5550692 -711586
6239169 3861887
-2057824 693923
2622838 -9348480
1805181 4710155
-2991070 584741
5283643 6103691
4146688 2578430
-6053951 7464198
-5185770 -1406876
-6724463 -2216274
40454 -151680
598300 1994775
-4554009 -2923381
-2578657 -3573376
154216 224785
627436 9110096
619904 -118157
484102 -4784514
591683 -1559916
1099586 2204117
-1922544 3412224
-5691107 -5511556
377156 -6819177
-1172287 -20604
-1640693 7889046
-3648213 -4426054
-60584 118080
-3293202 -3005895
-2127227 51096
-5235528 -243030
9053834 1054330
2406706 -400168
6853663 5468353
6889124 2867452
2273311 -4052607
8196540 -1627518
-6288090 -1996315
-6484856 2952139
-1144789 8702847
-1661535 -1332720
-1194641 -262658
-7511552 -336984
170420 -553449
-1305057 2557009
-7574212 -1802277
-1989065 4715566
-1632518 -1465408
7891434 -6098545
1066836 -4846785
383230 -2107181
2106455 -5164460
-2800756 1115107
-2672976 -5565187
278531 -9543140
-3619654 716658
2002952 -4600001
4181479 3703664
1036548 -4863458
1009676 -3880300
-7568994 -4401126
6263274 -642852
2286720 933313
198880 8774169
5151486 -6134595
5015640 -2829493
-1083347 3900232
954486 -7569790
-3902835 8356190
-623594 3247506
3593633 -5481714
3473502 1765567
254215 91242
-7730099 -2310008
311651 214887
2307039 3747524
-3559360 -2670146
-2679724 6236712
9680098 -841793
2061558 3794946
-25601 124873
3152110 -2920122
-2371170 -996417
1620941 -1057948
3431523 -4653018
336558 1358957
-6538597 -737139
2614673 397629
-1213943 2034410
-3352247 7078314
2223600 4632101
-1530109 2915490
2513372 -2513766
903091 -488356
1425667 -1355640
-7479345 1247795
-745311 9096849
511298 38715
-2790093 -150831
-2112125 6536602
-830419 -1673930
2423811 -543843
81744 5776889
5894605 -6512698
936991 -9076563
-2366722 -3676466
5213173 -4171198
-4207562 -6709462
-7223098 6159896
9157179 -1582293
7928027 3285876
-3891321 -8230761
7013302 4926521
4312145 -3961500
-4050845 4563152
-2183826 6096023
-7106246 -3702822
-998231 -3869549
-124468 2546024
1720123 1858155
5256712 2337788
-4782685 541256
-7573970 6342275
-696521 -2304540
-40965 -271715
-4552581 636225
-5317418 -8116200
-4996854 6185065
2178676 -9264309
64658 60638
-740392 2433775
-5953830 1124909
4556695 -3672451
-334837 1683550
-7172211 2838634
1902290 22299
207486 -78042
-6359266 -250773
-108485 -150205
591921 1063420
323331 348707
-567166 167300
-6073946 -4803699
118039 -6424662
-403871 2378712
-375579 690432
-3732084 742936
-2315535 -3046603
-6271238 -1990851
-8943466 -1779533
4215245 494911
-7116469 -795070
1904716 -5464792
3044915 -6687342
-166657 5529586
-5094796 1873630
3062182 308630
-508230 -8938305
9545504 2388398
-2350200 -5435624
-7757893 3830937
1845366 -5489754
-309502 -9618055
5322385 7024817
-7910943 3515575
1284962 -8812298
-188436 -1147631
605778 310366
-6779494 3076385
7790189 -1006759
-2973800 -6593083
3378459 -1358169
3692256 2441228
1172872 -1367102
-2872036 512857
-3237909 4744414
1910712 -2553128
1760641 -2809600
-8155406 2908896
-3131194 1634380
2322056 -5532362
-1143 3
-2879008 7768408
3471344 -7874244
7728637 2936719
-1443134 -4545032
-7222886 -3991407
-134150 -175934
3352031 -1580666
2792242 4892942
-289455 1810030
2860420 -4716597
5942827 -5309087
8273263 -5569948
6457567 -1683944
-1341771 434630
6858791 -5675812
-8332541 -939061
-377602 -1635519
5841270 -5191029
-595560 -665631
-8277359 -4956085
-583573 -465345
208330 1671281
5425383 4981893
-4958941 1244541
1610222 638281
3336562 1089559
-275616 4241115
5226989 -909120
-1371377 -6596761
323156 2199761
5981767 4924564
2627195 -2059977
480657 -1064770
5324501 167106
-3664530 725672
4887798 3941956
6353734 5187583
-7366459 3643204
-1882721 -250084
