1000 153
3492607 8565289
2783712 4451229
-2641666 -9385312
-9734234 554229
5547517 -2878810
-451253 -599058
-5266540 6350279
-1950152 -2599885
-3170170 7071953
-5668511 964611
49532 3249622
3483286 -8026781
-1841164 -9064911
-9247745 204191
-2147917 -8997163
3335260 6437276
-1924460 5946339
5902377 -3274819
-3086269 -7108969
4860836 -3928711
-9678337 1179947
272123 -6744512
4749960 -19386
-1317959 6109458
-9486269 -2252374
4486299 -1560646
4895421 -6640583
-3826043 -8967936
601846 4207170
2133385 714960
-1625903 647255
6406540 -2125732
2351232 7384727
1703089 -3893839
5748522 130351
-3066834 -6013071
2719027 -411567
1153013 -8169030
-8853689 2678560
-501251 -8735630
-3208566 -4771540
4388332 1817975
-7028578 -1778083
-3664786 -794884
-9271332 3017432
-7371596 4714028
7687066 985653
-597565 8729571
2935502 -5517728
-1283385 -7642998
-5231309 -442602
6109008 7598849
-1797419 -4932725
-4122248 8280674
-4958029 3805317
4262266 -8209481
-3416042 -3986621
-4168238 2277781
219930 3743545
-1938116 -1142892
-6193344 6870588
4065914 8308479
1065773 9188396
868368 6189380
1503899 2302343
-832301 5183606
177610 -2242978
9679482 1170517
-3905112 4220497
3594056 -6866240
3092017 9246725
-4535446 1411460
-6520695 -1744427
-1840811 8554175
949747 7187522
107525 -3248220
3989482 4811083
5381846 -2024408
808418 953393
-3104089 2902952
9318739 -2867679
-1340434 -1125048
-9553907 -1945596
1745170 -4417791
-575729 3198598
2515678 2057635
6559521 1592225
9741900 -397338
2190140 1663064
-2453823 6822114
6152254 -1101030
-3550698 8541372
-5618961 -1220562
-8409341 3852981
1891845 -4897286
-9015076 2071447
-8094854 3322022
4543747 -4991678
5692744 -809417
3419436 1539466
-7408176 2276274
1178252 6137932
43851 -1749450
-5786562 -7216522
2998960 -4309145
1463178 -8119212
-2228333 7943363
-6028274 -7015868
-8151221 1272829
4814920 -3143094
199012 6747065
7724741 -5088307
-4618814 1108624
-5187097 810256
-5896733 -6464598
7023643 -1797479
4843920 3098214
-7511011 -5398815
105250 5749036
-4133691 987467
2735887 -4480783
2512709 -8902179
147062 -7248508
7941804 4742387
-3720087 -2055102
-445974 -4226536
-1942659 -3780023
-2220800 5842135
7720695 673320
-5734748 -7885122
-8704346 892669
-1888461 3239786
565943 492146
-3202797 3507789
-5245154 7003631
-136280 -2245869
-399674 -6237207
-8174975 -3119658
7239902 382514
8026789 5534721
2748219 -98938
-57242 8249801
-6748924 120495
-2178061 -564401
-3603909 5106303
5284552 2266276
6203860 -4644848
7065450 1625395
5952217 4963224
4250004 5244040
1512460 3971770
181466 -4246124
-6242465 -306787
1723553 3330444
2999010 1252373
840108 -4675116
256874 8245999
-2037503 4838499
8940619 3889449
2232349 4751748
-5764988 -5901475
-3310002 2665779
6679120 975626
-7014385 5230763
-1449723 5564243
-6557528 -5793213
-7199768 -851957
-7319157 -4795042
-904877 2596862
-2338245 5253104
7547504 -5347679
5640048 -1119086
-4688368 -762695
773913 -7208575
30287 8749947
-4269534 -5859485
8523828 -1976574
-5749937 26716
-5023289 5901614
-3162376 749582
-2146187 675557
-8273657 4136312
-6373165 5238821
4492373 -2716813
6092494 5562734
3231899 342527
-6593678 -4958417
-1336278 -4558163
-4742215 -2252530
6092414 1394627
2929158 2341480
-2994162 -3687477
-167071 -7248074
-4757485 -3229369
5347094 8152979
-2569636 -7839609
-6124988 -6248761
-2783418 9344253
-8128431 4414873
1377166 9146907
6089163 -1408755
4217573 -523999
6813883 6973771
-4409088 2849989
-5850405 -5082838
-2234345 -5836968
-6902309 -3524289
8331053 2675077
3388304 9142313
-188477 9248079
-6343429 7404282
1686970 9094868
6166101 -3813356
-5702118 5248651
-7412908 -3620950
1820179 -6499957
785024 -972747
6661850 -4866441
1110942 -4102231
541848 -6226467
6199804 -790523
1444421 6593644
-3473938 -6363509
-2619717 -6760146
3406246 -2541649
-4129763 4000944
3744172 5616375
717189 219408
7226344 5774291
-4242027 7075853
-3148493 -805907
-747134 -65501
-3709791 -4393170
3700048 -610032
-6654610 -1130778
6015515 3062036
1899985 8541226
-4926740 -2964748
-1196017 -5624237
-1685866 1490085
8739778 -422821
-8198624 -919268
3070494 2938463
1156546 -474236
-3376787 -2580660
804948 -4173075
-3042935 2191585
4581740 6250612
-2511529 5723174
7995192 3555193
5105790 5147174
8173976 -1117409
-7394115 3659173
1257870 9668519
-6400128 -5205848
1695830 432041
5851839 -6505264
3789637 6760262
-3855920 4918778
-1102615 -588844
-1610739 3386446
-2175886 9504105
9048951 -1918065
-9249346 -109948
-7142316 -5054682
-4379542 5777725
-1861506 -3255348
-283822 8745395
3935073 -3475297
7050429 5182079
-4748004 -137673
3085066 -3611767
4373346 -1853736
4810956 8480400
5344804 4122568
-7066799 5968487
1174700 1919004
2891096 -1484607
3199745 8678947
-264332 3239232
-5484729 5475421
-712554 -6209248
6689301 -903183
-1532563 8614740
-7714741 738424
-5493178 6810836
423147 1698071
4938763 -8406611
1594207 -9111586
-132615 -4247930
-7629599 1360773
-7165051 -2953733
512706 6730500
-3035110 6584117
-5824577 3411274
4809648 -7901252
-2664771 -679331
-2529127 7852771
1515796 -6577603
-6330321 -2342973
1834683 -7529703
-7470453 -2062722
9696090 -1023876
-5504482 6145174
-385206 6238118
-2200130 -6381373
2181337 -4775381
1554033 2854379
-7176812 1027553
-3867586 -3550249
-1209835 1897049
-1299026 4568919
637501 7221917
-4081002 -1186557
1324474 -2967872
-2612151 -1933691
6753699 -6320604
1756544 2115904
7723535 2899912
-1658190 -3913170
-1890283 4357674
4443431 -3649440
3731093 -5014124
5704857 3607921
-9149234 -1361622
-9711327 867538
5128974 -2599254
-3373155 4022973
-5216102 -5035352
8705802 -3125939
-161821 -9748657
-1898135 -7513959
-3651848 -6835678
3251297 -4122082
-1802237 -5460260
-8114912 -5404691
8098260 4469975
8214640 763009
3293619 -1792923
-4188778 7682228
7452787 -2125665
1994828 9032339
3114815 2088162
-5081291 -2691278
7167130 -5847627
-6892060 2249888
4925039 1818373
3788373 -4325589
6918657 -6869838
755150 -2644285
-2795913 5589755
5386488 -6248859
7248839 6520492
-4551088 4283700
-9408783 -2556813
-1308333 8145597
1714170 -9598131
-5429331 -4804670
-5618110 2738491
7480503 3479161
-7249459 88544
1873460 7003759
1986289 1901881
-24442 4249929
-3662281 -3024928
-4658668 4884598
-3732476 6791989
-2868707 4396932
-9697083 -1014428
5732825 444079
4094380 -1139539
-3961342 8908999
6247839 -164309
-4674785 7981784
2722955 2578374
-7352943 -6402867
6010528 -4892447
-6822100 5479182
-8486973 2129266
-8684372 -3184993
-1105238 -7165259
8643673 -1359928
2076697 -7984348
7011868 -3300940
-3674055 5662492
-7835650 3894236
897846 -6690020
5921686 1999030
1241954 141593
4869936 3917425
-6101601 7604798
-32687 -7749931
3972063 3432959
1271291 2991039
-1715345 346537
5663186 7313742
-1294797 1177284
4400460 -6379533
-5824829 -4316695
4784611 -2161016
3111142 -8711101
-8598657 -4596258
1092508 -9688597
-4206412 -8238239
-8939538 2376374
-8157683 -1230729
31411 -9249946
6334611 4464884
6717279 663821
-6708506 747285
5416047 -4819640
-9519274 2108533
6679262 2819567
-4395621 -8702930
-2481656 -4050170
-5536135 -6116674
-4230755 3108569
-7666925 -3046433
-4953107 -5960639
-6180158 -931742
-371276 8241641
-5712727 7275111
9724043 -710976
-1623260 6035521
-7973829 4688341
3278624 1820198
-3982227 -1484709
7893068 -4823066
-1690123 -2775965
-8284817 -5140457
-8651466 3273319
-1970934 6455843
-2691097 566122
1164012 -6140649
-6616610 -2963607
-6922926 -6134785
-1632885 -2212732
125664 9249146
-8742495 -362308
-1876839 1240956
-4184477 5296475
-4546817 -1374391
-5607376 1272725
570619 8230242
-2249257 57817
989352 -5664245
816567 7706861
-793810 -7206411
-3164087 4801150
-7094269 4211156
-4029252 -2515476
9206701 893951
3469840 2454120
1902687 -9052197
-993451 -3616013
1944179 4876747
-4727270 3273439
-1957826 1931169
-4186692 -2243680
-7568186 1668849
5370031 -6908347
-5543922 -1525588
2380323 5778975
-282704 -9245678
-4755875 -7933734
-548607 511399
2839617 -3807764
-8537307 -1917518
-400680 -1184041
-247423 -35796
6063693 -5594114
9552007 -1954903
2792521 9341537
2379161 -7899499
-2201083 -7430863
-6798319 3720934
-3317477 6446459
-5739898 340676
-9747037 240344
-1143701 5635108
5619744 -4580499
5106913 1217345
-6177980 946075
-2649306 -4532513
2898418 -8256007
-6700651 -7082638
1020119 722395
779814 -9718764
6675391 3937213
-4993081 -5256580
-3131821 5979480
-4103796 -7727959
-1760195 -1401503
8210591 -805409
-8557936 1823244
7921790 2303851
-4880881 4662563
4740856 294583
292612 2230891
-7738328 425173
4535256 8630987
-4483729 -8090653
7342626 3761426
5177913 6422749
4636093 -3401342
-9190193 -1050159
-3615744 -5097930
-2269313 -7931753
4248752 102972
488044 -2196431
-2324417 -6867283
-2373501 -4682840
-1321720 3509352
-6193532 6180829
-2609023 869193
2973307 -7695579
-6214459 -2634956
-2123494 3681476
-8172995 -4331816
-2747046 6709414
4018937 -4112254
5005883 2829069
4674220 6798099
4050199 -7756183
-5339148 8158185
-4263801 -3063086
-97919 -4748990
-5787265 -3474199
8718967 -736273
-6700014 -819945
-6108449 4769627
5215727 598901
3270109 -5904987
4273441 3847101
-3924244 -8376324
6498503 -1825364
8510916 3623092
-9742282 -387847
8202227 -4276209
2472647 6815314
-8667240 4465583
-5053254 1423770
3560265 3144361
6724079 -590983
-3637467 3054722
-293172 690325
4579634 -1260731
5081663 8321009
-798566 1557174
-5677230 -911894
-2915627 -4365960
-2449796 8400059
3209028 -5363267
-2753638 -8830627
8132773 1385818
-5632367 -4564968
-1501367 -5550531
6722644 -5600763
-3211576 -498271
529290 -4720418
2509901 1123785
-1261767 4058379
2328715 -9467818
7862421 3839898
8074118 1694434
5978296 -7702108
-825778 -3143340
2604159 3358698
-8535326 3565206
-2749385 -58115
-5619360 -3739691
-9134884 1454780
-1063503 7676682
6048347 -2996663
318852 9744784
136603 -2746605
3026192 -7134750
5727062 -7890706
1234189 1240675
-2448513 4070292
-7777346 -2752340
-7936583 -5663315
-3085851 -5435073
1144002 3571240
1449380 -4523471
-187352 -8747994
-4898976 3010402
3588409 4492863
-4234055 367796
6471751 -5116534
7285787 -4845596
-2152936 3070401
-4426366 5096055
-1748699 9083201
907701 -7696660
1870007 -2658114
5835440 -7177056
-6217712 634472
-7536061 4446378
51822 -5749766
249121 1224923
2258459 -1569032
-1194999 2476787
-2743909 -3877300
4503685 -5681488
-1727731 -278288
-3497838 2414047
-93633 -1246488
-6122642 1255289
5418678 6220966
-9724731 -701502
4395475 5765613
-411569 -4732135
5813767 2294037
8810676 4175460
-1519778 -867625
-9035716 -1979478
2022492 -9537925
2312596 -4149023
5866539 3338594
8897896 -2527832
2845096 3157202
-2357004 -8426567
6829465 3663454
-6474651 4259271
3478814 5784492
4738293 -333272
2073484 2502630
5194235 -4310732
-4526844 8635402
-7690005 -5140653
7510724 1910895
878242 4668103
-5869580 -2147212
4215481 -4614349
4878028 5363519
-5020963 6546176
-447518 -2205045
-2850233 6118714
9484070 -2261615
-1723520 -9596456
2741584 214979
-6355342 2274230
1184840 4599853
-8757628 2977657
-6738778 -2674202
2891757 -6648326
1599844 -2236738
2555146 -1016722
-2897178 4966775
-59151 4749631
4452188 4386401
420358 5233144
6181218 -2712016
364295 -5237345
6325503 -3542669
-4943124 7818441
6386999 -4389617
221210 -116472
-7449014 6290841
2600191 -8354729
4889910 7851832
-71289 6249593
-94092 3748819
5500183 1676450
503571 7733622
-3075268 1051296
8382980 3910005
-5639614 -5315754
-1597457 -6558248
5812890 -4332759
-4401054 8135921
-7125563 1337479
3760293 2902187
2247811 99223
126788 -8749081
3995015 -6049987
2760431 -5044057
-7197629 4975602
1686959 -8585841
2117891 7973520
1994071 -8519752
-4627710 -1070884
-881751 3128100
-6807086 6980406
7103716 3098340
-4729153 7361902
7360521 -2425948
896194 2063815
-997276 8189501
-5864584 2160821
-3648344 -3775192
1774421 -5992823
-6116439 2855113
-6469000 -7294829
-2942651 -9295337
-727210 -8217886
-7747343 -202908
8153183 -3176176
5728451 -497333
5908270 7117221
1577816 -1604055
2120621 -6408234
7012808 -4345459
1996193 3174541
-4599016 -2532103
2497652 2797182
4237507 -3886647
7749864 45851
2614212 3965903
-9002118 -3744911
-3535147 -9086541
1739503 -191379
-9169310 3314550
2948293 5510904
-5956470 7076931
3534479 -3173319
1658143 1520874
-8377731 -2525095
-7651094 3085976
242807 6245281
5747062 -183765
4538574 -8060014
-5976980 3136590
9124793 1516786
2507889 8382898
-4454118 -6342186
6660465 5674566
-2724840 -371142
-2963962 3711795
3031764 -4885786
2033329 -4292793
528120 -8233078
-6345347 -6024870
1128221 7667438
2512528 4609739
1435887 1000364
-7545387 -3336110
-2091626 -1785384
50428 -5249757
2050030 7473946
-110502 224252
-2663512 8858227
4034370 1336546
-8405071 2432544
10007 7249993
3943879 2647321
5249924 -28110
-309357 9745090
-2569963 -978664
-8021188 -4606846
5209015 -654719
5207026 -8243140
419044 5734710
-3446534 -7495591
-8652880 -1300058
6300702 -2421496
2707085 -6183380
3681073 9028410
5583525 1373588
-206474 -3243434
-7678478 1050461
-8518879 4742488
6075783 -6974765
-684772 8221531
3924645 1630844
5093585 -1271962
-5452338 -1826061
-8312335 2732687
-2621624 5117576
2258080 -3600495
-5417727 -6871006
-5967672 6399170
1677377 -498904
2243181 5294396
-5141045 -1064024
-2089199 -4816403
-3480902 -1394924
1844385 -2039789
1652419 5507450
5075174 -7733375
5540196 6772645
-9212560 831403
2093835 -823622
7223442 2807912
-2097728 -5353693
8229659 2972406
-623143 9730066
8594635 -3419756
-7323354 -5650750
5400426 1974309
8052291 -4552263
2648570 7283376
4442001 -4396717
-3944163 -4184025
7566661 4394101
7844317 5790438
732570 5198638
5052092 -3679519
-1724928 2141756
3735513 329297
2991837 -6050736
7035149 4309196
6842289 -4609292
2903191 8782595
-3073236 5442216
-660205 -7721828
2212126 411092
7152866 -1182793
2807185 5018188
3828406 4290198
-2815994 1622552
3879929 6124430
-6578672 7196079
-9635301 1491131
-8448166 -3767092
3205921 5940081
1041946 5654807
1771221 -8057622
2552003 -2012406
6232784 463564
1349196 5589469
-3342794 5280930
4244754 -211090
4167357 -834047
-5215055 -8238063
-5660879 -6672102
8237733 449719
4596238 -7445608
8734583 519186
7418252 5525579
5650204 1066626
-208856 5746205
6383126 2195039
-3637549 -8504747
-4574033 -3484353
3536262 1247936
-1721287 -7042703
189748 7747676
3964411 7800381
-2808872 -5583254
106642 5248916
-5734120 6609262
-1101947 -9687528
-2634833 2668360
-2600618 4560623
9712167 858076
8629036 3332001
-5056062 2738381
-1749656 34681
-3464348 -4589203
-7749201 111223
7462441 -3517735
-3046155 8202648
2490125 9426652
2064881 -1816249
-438317 7737595
-7810030 4956401
-3421553 4621198
-5198058 2458187
6744293 -277503
9749644 -83288
2601045 -6767352
-1364664 -4024946
8179636 1075193
-4724684 489753
3486491 5187184
-4802692 8485083
-2480940 9429073
5008399 -1574303
362934 3229671
934936 -1479322
-4681986 800940
-4004659 6635149
5263264 -2315286
6749900 36577
518448 -1137414
5685154 -2596442
6550852 3106257
788978 -2107133
-8021393 5542539
2639913 6212355
6452477 5909994
-4769952 -4038570
7904293 -3752951
6872335 -3582388
3817304 -8971660
-3346658 -8623362
-2866232 -7736097
-9220553 -737485
1438824 3462987
-5519191 4701173
-6753293 4738725
-4166764 -3962394
-669179 -6716747
-1681702 7565340
7245839 -245579
3526292 -9089981
2022473 -3157863
3231620 -9198865
-7309843 2574625
9610028 -1646162
-522340 5726225
5024970 1520581
5411570 7501827
-4528850 6289039
-8057723 -3411098
8737203 3037066
7607534 3191850
-2053003 -8505743
1051653 -2540969
585619 -6724548
-1469542 2324423
8872866 -4041625
8749323 -108824
7139880 -3014068
-3231324 -3481529
8570353 1763956
841157 3654443
-8243180 335363
-7229915 -539273
-6490568 -6590525
1822266 2691067
9114723 -3461838
9172535 3305615
-8281691 -2824197
7129228 1317803
2419913 7887110
1604732 -2826186
5532148 4685919
-1558043 3954111
4657301 -4167978
-6247268 3678876
2678176 -7803196
9747266 230848
4979377 -2875464
365735 -5738356
-6753815 -3801114
7909790 -2344719
-1290603 -6625469
-929901 7190116
-2712167 3899569
-1362331 6611093
-5310361 4935844
7745356 -268253
6092910 3929242
1853671 1275304
179129 174392
420522 -3222679
-9582261 1800767
-5205761 7646080
-5624447 -2725452
-475799 -9738383
-900751 866687
-3240581 -9195712
1147252 -4609372
-6006355 -4060319
-8963288 -2285159
20420 2749924
632623 9729454
6795132 2527583
5141865 -5798596
-887097 -5681158
5306167 5648636
-4439354 -2802611
-4098190 4718827
-723419 -4694588
4589773 1223306
-7380723 -2363772
8447383 -2281273
4387140 -8707209
1215004 4072623
-4768105 6732582
-5599200 7981945
4620468 8013349
6201621 776140
3344668 3372787
3681852 7937661
5530820 3869435
-5419557 -5539936
1568697 9622977
-5022535 -7767665
-7930084 -3698141
-7238818 402499
-1039543 -8184243
4090648 -2414352
-910539 8702494
-8096854 1582229
-1592068 -7584709
-921535 -844554
-1559321 9624500
-4461841 7526916
-3671257 764439
731586 5703269
1404068 -9648372
6919358 -5355836
-2031784 -9535950
5389169 -4064401
-5068210 -1369576
-8244802 -292801
