start
oh no...
8
8 6 1 4 1 1 4 4 
7
1 3 6
2 3 8
2 1 5
1 6 9
2 1 6
2 1 3
2 6 7
oh no...
8
8 6 1 4 1 1 4 4 
7
136
238
215
169
216
213
267
oh no...
8
8 6 1 4 1 1 4 4 
7
136
238
215
169
216
213
267
oh no...
8
8 6 1 4 1 1 4 4 
7
136
238
215
169
216
213
267
oh no...
8
8 6 1 4 1 1 4 4 
7
136
238
215
169
216
213
267
oh no...
8
8 6 1 4 1 1 4 4 
7
136
238
215
169
216
213
267
oh no...
8
8 6 1 4 1 1 4 4 
7
136
238
215
169
216
213
267
oh no...
8
8 6 1 4 1 1 4 4 
7
136
238
215
169
216
213
267
oh no...
8
8 6 1 4 1 1 4 4 
7
136
238
215
169
216
213
267
oh no...
8
8 6 1 4 1 1 4 4 
7
136
238
215
169
216
213
267
oh no...
8
8 6 1 4 1 1 4 4 
7
136
238
215
169
216
213
267
oh no...
8
8 6 1 4 1 1 4 4 
7
136
238
215
169
216
213
267
oh no...
8
8 6 1 4 1 1 4 4 
7
136
238
215
169
216
213
267
oh no...
8
8 6 1 4 1 1 4 4 
7
136
238
215
169
216
213
267
oh no...
8
8 6 1 4 1 1 4 4 
7
136
238
215
169
216
213
267
oh no...
8
8 6 1 4 1 1 4 4 
7
136
238
215
169
216
213
267
oh no...
8
8 6 1 4 1 1 4 4 
7
136
238
215
169
216
213
267
oh no...
8
8 6 1 4 1 1 4 4 
7
136
238
215
169
216
213
267
oh no...
8
8 10 8 3 8 5 9 9 
2
237
278
oh no...
8
8 10 8 3 8 5 9 9 
2
237
278
oh no...
8
8 10 8 3 8 5 9 9 
2
237
278
oh no...
8
8 10 8 3 8 5 9 9 
2
237
278
oh no...
8
8 10 8 3 8 5 9 9 
2
237
278
oh no...
8
8 10 8 3 8 5 9 9 
2
237
278
oh no...
8
8 10 8 3 8 5 9 9 
2
237
278
oh no...
8
8 10 8 3 8 5 9 9 
2
237
278
oh no...
8
8 10 8 3 8 5 9 9 
2
237
278
oh no...
8
8 10 8 3 8 5 9 9 
2
237
278
oh no...
8
8 10 8 3 8 5 9 9 
2
237
278
oh no...
8
8 10 8 3 8 5 9 9 
2
237
278
oh no...
8
8 10 8 3 8 5 9 9 
2
237
278
oh no...
8
8 10 8 3 8 5 9 9 
2
237
278
oh no...
8
8 10 8 3 8 5 9 9 
2
237
278
oh no...
8
8 10 8 3 8 5 9 9 
2
237
278
oh no...
8
8 10 8 3 8 5 9 9 
2
237
278
oh no...
8
8 10 8 3 8 5 9 9 
2
237
278
